0 0
1 1
2 1
3 1
4 1
5 11
6 1
7 1
8 1
9 19
10 1
11 2
12 11
13 11
14 3
15 1
16 1
17 1
18 1
19 1
20 19
21 19
22 1
23 1
24 1
25 19
26 1
27 1
28 1
29 11
30 11
31 11
32 19
33 1
34 1
35 19
36 1
37 4
38 11
39 11
40 1
41 19
42 19
43 19
44 5
45 1
46 19
47 11
48 5
49 6
50 19
51 1
52 1
53 1
54 19
55 7
56 5
57 19
58 19
59 1
60 8
61 11
62 19
63 19
64 19
65 9
66 11
67 5
68 1
69 1
70 19
71 1
72 10
73 19
74 11
75 19
76 19
77 1
78 1
79 19
80 11
81 1
82 19
83 1
84 19
85 19
86 19
87 11
88 12
89 11
90 11
91 11
92 13
93 1
94 1
95 11
96 11
97 1
98 1
99 19
100 1
101 14
102 1
103 5
104 1
105 1
106 1
107 19
108 11
109 15
110 19
111 11
112 11
113 19
114 1
115 5
116 16
117 19
118 1
119 1
120 11
121 1
122 1
123 1
124 17
125 1
126 11
127 1
128 19
129 19
130 18
131 1
132 1
133 19
134 1
135 19
136 1
137 1
138 19
139 1
140 1
141 1
142 1
143 1
144 19
145 19
146 20
147 21
148 19
149 1
150 19
151 19
152 19
153 1
154 1
155 22
156 1
157 1
158 11
159 19
160 19
161 1
162 11
163 11
164 1
165 1
166 1
167 19
168 19
169 23
170 1
171 24
172 1
173 11
174 1
175 11
176 19
177 19
178 11
179 1
180 1
181 25
182 11
183 1
184 1
185 1
186 1
187 1
188 1
189 11
190 1
191 19
192 11
193 11
194 11
195 1
196 19
197 1
198 1
199 11
200 26
201 1
202 19
203 1
204 1
205 1
206 1
207 19
208 19
209 1
210 11
211 27
212 19
213 1
214 11
215 28
216 29
217 30
218 11
219 42
220 31
221 19
222 1
223 32
224 11
225 33
226 1
227 11
228 34
229 35
230 1
231 1
232 1
233 36
234 1
235 1
236 1
237 11
238 19
239 37
240 38
241 11
242 11
243 39
244 1
245 1
246 11
247 1
248 19
249 19
250 1
251 1
252 1
253 1
254 1
255 1
256 40
257 19
258 19
259 1
260 41
261 42
262 11
263 19
264 11
265 11
266 43
267 19
268 1
269 1
270 11
271 11
272 11
273 1
274 1
275 11
276 44
277 1
278 11
279 5
280 19
281 1
282 19
