0 0
1 36
2 19
3 71
4 19
5 1
6 19
7 36
8 36
9 36
10 36
11 36
12 36
13 2
14 36
15 36
16 36
17 36
18 36
19 71
20 36
21 36
22 36
23 19
24 19
25 19
26 36
27 71
28 36
29 71
30 36
31 36
32 19
33 71
34 19
35 19
36 36
37 36
38 19
39 4
40 36
41 3
42 71
43 71
44 71
45 19
46 19
47 36
48 71
49 36
50 36
51 71
52 36
53 36
54 36
55 71
56 19
57 19
58 19
59 5
60 36
61 6
62 71
63 36
64 7
65 36
66 71
67 19
68 19
69 71
70 19
71 19
72 19
73 19
74 19
75 36
76 8
77 71
78 3
79 71
80 19
81 36
82 36
83 19
84 36
85 3
86 36
87 3
88 36
89 19
90 36
91 9
92 10
93 36
94 36
95 71
96 36
97 71
98 36
99 36
100 36
101 19
102 36
103 11
104 36
105 36
106 71
107 36
108 36
109 36
110 71
111 36
112 36
113 71
114 19
115 36
116 36
117 36
118 36
119 36
120 36
121 19
122 71
123 36
124 36
125 19
126 12
127 36
128 13
129 3
130 19
131 71
132 36
133 36
134 36
135 36
136 36
137 19
138 36
139 71
140 14
141 71
142 36
143 15
144 36
145 71
146 36
147 71
148 16
149 36
150 36
151 19
152 36
153 36
154 17
155 36
156 18
157 71
158 71
159 71
160 19
161 19
162 20
163 21
164 36
165 36
166 71
167 36
168 36
169 71
170 71
171 36
172 36
173 71
174 36
175 19
176 22
177 19
178 36
179 36
180 36
181 36
182 36
183 36
184 3
185 19
186 71
187 36
188 36
189 19
190 19
191 71
192 36
193 36
194 3
195 19
196 36
197 19
198 23
199 36
200 19
201 24
202 25
203 19
204 19
205 71
206 26
207 19
208 36
209 36
210 36
211 27
212 71
213 36
214 36
215 36
216 71
217 36
218 28
219 19
220 71
221 71
222 36
223 36
224 29
225 19
226 36
227 30
228 36
229 19
230 36
231 36
232 71
233 19
234 36
235 31
236 32
237 71
238 36
239 71
240 36
241 36
242 19
243 19
244 36
245 19
246 33
247 71
248 19
249 36
250 71
251 36
252 34
253 36
254 36
255 73
256 71
257 19
258 36
259 36
260 36
261 36
262 35
263 36
264 36
265 19
266 36
267 36
268 36
269 19
270 19
271 36
272 36
273 37
274 36
275 71
276 36
277 19
278 36
279 38
280 3
281 71
282 71
283 36
284 19
285 36
286 36
287 36
288 19
289 19
290 36
291 36
292 39
293 36
294 19
295 36
296 19
297 40
298 19
299 19
300 41
301 42
302 43
303 44
304 19
305 19
306 45
307 46
308 19
309 19
310 71
311 36
312 47
313 36
314 36
315 19
316 71
317 36
318 36
319 71
320 48
321 36
322 71
323 36
324 36
325 36
326 36
327 49
328 50
329 71
330 36
331 71
332 71
333 19
334 19
335 71
336 51
337 36
338 19
339 19
340 52
341 71
342 19
343 36
344 71
345 36
346 19
347 36
348 36
349 36
350 19
351 71
352 53
353 36
354 36
355 19
356 54
357 36
358 71
359 71
360 71
361 71
362 36
363 36
364 19
365 19
366 36
367 36
368 36
369 19
370 19
371 36
372 19
373 19
374 71
375 55
376 56
377 36
378 36
379 19
380 71
381 36
382 36
383 57
384 71
385 36
386 36
387 19
388 58
389 36
390 71
391 59
392 60
393 71
394 36
395 19
396 61
397 19
398 36
399 36
400 36
401 71
402 71
403 71
404 62
405 36
406 19
407 19
408 19
409 3
410 71
411 63
412 36
413 36
414 71
415 19
416 19
417 36
418 36
419 36
420 36
421 36
422 36
423 19
424 71
425 19
426 3
427 36
428 71
429 36
430 36
431 36
432 36
433 19
434 36
435 19
436 36
437 36
438 71
439 64
440 65
441 19
442 36
443 71
444 36
445 71
446 71
447 3
448 36
449 36
450 36
451 36
452 36
453 36
454 66
455 19
456 19
457 36
458 19
459 36
460 36
461 36
462 71
463 36
464 19
465 19
466 19
467 36
468 67
469 71
470 68
471 69
472 71
473 36
474 19
475 19
476 71
477 19
478 19
479 36
480 70
481 71
482 36
483 36
484 36
485 36
486 19
487 19
488 71
489 36
490 19
491 19
492 36
493 36
494 72
495 71
496 71
497 36
498 71
499 73
500 36
501 74
502 75
503 76
504 36
505 36
506 71
507 71
508 19
509 36
510 71
511 77
512 78
513 36
514 71
515 36
516 19
517 36
518 36
519 36
520 36
521 36
522 36
523 36
524 36
525 36
526 79
527 36
528 80
529 36
530 36
531 71
532 71
533 19
534 36
535 36
536 36
537 36
538 19
539 71
540 19
541 81
542 19
543 36
544 19
545 71
546 19
547 36
548 36
549 82
550 19
551 83
552 36
553 36
554 36
555 71
556 36
557 71
558 84
559 36
560 85
561 71
562 19
563 36
564 86
565 36
566 87
567 88
568 36
569 36
570 36
571 36
572 36
573 36
574 89
575 90
576 19
577 36
578 19
579 19
