0 0
1 16
2 3
3 7
4 7
5 7
6 3
7 7
8 7
9 3
10 1
11 2
12 2
13 2
14 3
15 2
16 3
17 7
18 2
19 16
20 7
21 3
22 3
23 2
24 3
25 7
26 16
27 2
28 2
29 7
30 16
31 7
32 3
33 2
34 3
35 2
36 2
37 7
38 2
39 2
40 2
41 7
42 16
43 2
44 2
45 16
46 3
47 7
48 3
49 3
50 16
51 3
52 16
53 7
54 4
55 2
56 7
57 3
58 16
59 2
60 3
61 3
62 5
63 6
64 2
65 2
66 3
67 3
68 3
69 16
70 16
71 7
72 16
73 3
74 3
75 7
76 2
77 3
78 16
79 2
80 7
81 3
82 8
83 7
84 7
85 9
86 7
87 3
88 16
89 10
90 2
91 3
92 11
93 2
94 3
95 2
96 3
97 3
98 3
99 12
100 16
101 13
102 16
103 3
104 14
105 7
106 16
107 2
108 3
109 2
110 2
111 3
112 7
113 16
114 3
115 2
116 3
117 16
118 7
119 16
120 3
121 2
122 16
123 3
124 3
125 16
126 16
127 3
128 3
129 3
130 7
131 2
132 15
133 2
134 7
135 2
136 16
137 7
138 2
139 7
140 2
141 16
142 16
143 16
144 7
145 3
146 3
147 3
148 2
149 16
150 3
151 7
152 2
153 17
154 7
155 2
156 3
157 16
158 3
159 16
160 7
161 18
162 3
163 3
