0 0
1 64
2 48
3 64
4 1
5 64
6 8
7 8
8 8
9 48
10 8
11 2
12 48
13 8
14 8
15 8
16 64
17 64
18 64
19 8
20 48
21 8
22 64
23 48
24 8
25 8
26 8
27 48
28 64
29 8
30 8
31 8
32 8
33 48
34 64
35 64
36 3
37 48
38 8
39 4
40 5
41 48
42 64
43 48
44 64
45 64
46 64
47 64
48 8
49 6
50 8
51 48
52 64
53 48
54 8
55 8
56 8
57 8
58 8
59 8
60 7
61 8
62 8
63 48
64 48
65 8
66 8
67 8
68 9
69 8
70 48
71 8
72 8
73 48
74 8
75 8
76 64
77 8
78 8
79 8
80 64
81 48
82 8
83 64
84 10
85 8
86 64
87 8
88 48
89 8
90 8
91 48
92 8
93 64
94 8
95 11
96 48
97 8
98 12
99 8
100 8
101 8
102 8
103 8
104 13
105 8
106 14
107 48
108 48
109 48
110 64
111 64
112 15
113 16
114 8
115 8
116 8
117 48
118 64
119 17
120 64
121 8
122 48
123 64
124 48
125 8
126 64
127 8
128 64
129 64
130 64
131 8
132 18
133 64
134 8
135 19
136 64
137 8
138 20
139 48
140 8
141 21
142 64
143 48
144 48
145 22
146 64
147 8
148 8
149 48
150 8
151 48
152 8
153 23
154 48
155 48
156 8
157 64
158 64
159 8
160 64
161 24
162 48
163 64
164 8
165 48
166 25
167 8
168 8
169 26
170 48
171 64
172 27
173 64
174 8
175 64
176 64
177 8
178 8
179 64
180 28
181 64
182 48
183 8
184 64
185 8
186 8
187 64
188 8
189 8
190 8
191 29
192 64
193 64
194 30
195 64
196 64
197 31
198 32
199 33
200 34
201 35
202 64
203 64
204 48
205 36
206 48
207 8
208 8
209 8
210 8
211 37
212 38
213 8
214 39
215 8
216 48
217 48
218 64
219 64
220 40
221 8
222 41
223 48
224 64
225 8
226 48
227 8
228 64
229 8
230 8
231 8
232 64
233 42
234 8
235 48
236 48
237 48
238 48
239 8
240 8
241 64
242 64
243 64
244 64
245 64
246 48
247 43
248 8
249 8
250 64
251 48
252 8
253 44
254 48
255 8
256 8
257 64
258 45
259 46
260 48
261 8
262 47
263 64
264 8
265 8
266 48
267 48
268 48
269 49
270 64
271 64
272 64
273 50
274 64
275 8
276 48
277 48
278 8
279 8
280 64
281 64
282 64
283 8
284 48
285 8
286 8
287 8
288 64
289 8
290 48
291 51
292 52
293 64
294 8
295 48
296 64
297 8
298 8
299 53
300 64
301 64
302 8
303 8
304 8
305 64
306 64
307 64
308 54
309 55
310 64
311 48
312 64
313 64
314 8
315 56
316 48
317 8
318 8
319 8
320 64
321 64
322 8
323 48
324 48
325 26
326 57
327 58
328 59
329 8
330 8
331 48
332 48
333 8
334 8
335 48
336 60
337 61
338 48
339 8
340 48
341 8
342 8
343 8
344 62
345 63
346 8
347 8
348 48
349 48
350 64
351 8
352 8
353 8
354 64
355 48
356 8
357 64
358 64
359 8
360 65
361 8
362 66
363 8
364 48
365 67
366 8
367 68
368 48
369 8
370 8
371 69
372 8
373 8
374 8
375 8
376 70
377 71
378 64
379 64
380 64
