0 0
1 15
2 12
3 15
4 5
5 15
6 15
7 15
8 12
9 5
10 15
11 15
12 12
13 5
14 5
15 15
16 5
17 12
18 1
19 12
20 12
21 15
22 5
23 2
24 15
25 12
26 15
27 15
28 5
29 15
30 15
31 5
32 5
33 3
34 4
35 15
36 12
37 15
38 15
39 5
40 15
41 5
42 5
43 6
44 12
45 15
46 15
47 15
48 15
49 15
50 12
51 12
52 12
53 5
54 15
55 7
56 12
57 12
58 5
59 8
60 9
61 15
62 5
63 15
64 15
65 12
66 5
67 12
68 10
69 11
70 5
71 15
72 12
73 15
74 5
75 12
76 15
77 15
78 15
79 15
80 13
81 15
82 12
83 12
84 5
85 12
86 14
87 15
88 15
89 12
90 16
91 12
92 15
93 5
94 15
95 5
96 5
97 15
98 12
99 12
100 5
101 17
102 15
103 12
104 5
105 15
106 15
107 5
108 5
109 12
110 12
111 5
112 12
113 18
114 5
115 12
116 12
117 12
118 5
119 12
120 15
121 12
122 15
123 5
124 15
125 5
126 12
127 5
128 15
129 15
130 12
131 15
132 12
133 15
134 19
135 5
136 15
137 5
138 20
139 15
140 15
141 15
142 15
143 15
144 15
145 15
146 5
147 12
148 5
149 15
150 21
151 22
152 15
153 15
154 23
155 24
156 15
157 12
158 15
